===
WorldToCameraMatrices
===
0.76675	0.00392	-0.64194	-0.50121
-0.00931	0.99995	-0.00502	-1.59991
-0.64188	-0.00983	-0.76674	0.77001
0.00000	0.00000	0.00000	1.00000
===
0.87074	0.13470	-0.47293	-0.76968
-0.19941	0.97585	-0.08920	-1.41944
-0.44949	-0.17198	-0.87657	0.87152
0.00000	0.00000	0.00000	1.00000
===
0.90651	0.07830	-0.41486	-0.74319
-0.00584	0.98488	0.17314	-1.61282
-0.42214	0.15453	-0.89326	0.36727
0.00000	0.00000	0.00000	1.00000
===
0.48807	0.01797	-0.87262	-0.27516
0.05394	0.99726	0.05071	-1.65384
-0.87114	0.07182	-0.48576	0.76277
0.00000	0.00000	0.00000	1.00000
===
-0.18437	-0.10560	-0.97717	0.41830
-0.19966	0.97751	-0.06797	-1.41969
-0.96237	-0.18257	0.20130	1.13393
0.00000	0.00000	0.00000	1.00000
===
-0.01054	-0.03320	-0.99939	-2.04558
-0.06402	0.99742	-0.03246	-1.61760
-0.99789	-0.06363	0.01264	1.28652
0.00000	0.00000	0.00000	1.00000
===
-0.30523	0.00136	-0.95228	-1.69345
-0.29674	0.95008	0.09647	-1.04978
-0.90487	-0.31202	0.28959	2.12512
0.00000	0.00000	0.00000	1.00000
===
-0.66888	-0.02047	-0.74309	-0.87574
-0.21581	0.96192	0.16777	-0.99997
-0.71135	-0.27258	0.64783	2.59986
0.00000	0.00000	0.00000	1.00000
===
-0.59650	-0.00647	-0.80259	-1.09051
0.06428	0.99637	-0.05581	-1.78207
-0.80004	0.08488	0.59392	2.03076
0.00000	0.00000	0.00000	1.00000
===
-0.52699	0.02586	-0.84948	-1.30637
0.34202	0.92148	-0.18413	-2.19909
-0.77801	0.38758	0.49446	1.34718
0.00000	0.00000	0.00000	1.00000
===
-0.13564	-0.06618	-0.98855	-1.83790
0.53680	0.83372	-0.12947	-2.14481
-0.83273	0.54822	0.07756	0.30622
0.00000	0.00000	0.00000	1.00000
===
-0.99187	-0.00943	0.12694	1.23076
0.03012	0.95156	0.30599	-0.94065
0.12368	-0.30733	0.94353	2.45054
0.00000	0.00000	0.00000	1.00000
===
ProjectorMatrices
===
2.44082	0.00000	0.07675	0.00000
0.00000	4.33960	-0.06811	0.00000
0.00000	0.00000	-1.00000	0.00000
0.00000	0.00000	-1.00000	0.00000
===
2.44082	0.00000	0.07675	0.00000
0.00000	4.33960	-0.06811	0.00000
0.00000	0.00000	-1.00000	0.00000
0.00000	0.00000	-1.00000	0.00000
===
2.44082	0.00000	0.07675	0.00000
0.00000	4.33960	-0.06811	0.00000
0.00000	0.00000	-1.00000	0.00000
0.00000	0.00000	-1.00000	0.00000
===
2.44082	0.00000	0.07675	0.00000
0.00000	4.33960	-0.06811	0.00000
0.00000	0.00000	-1.00000	0.00000
0.00000	0.00000	-1.00000	0.00000
===
2.44082	0.00000	0.07675	0.00000
0.00000	4.33960	-0.06811	0.00000
0.00000	0.00000	-1.00000	0.00000
0.00000	0.00000	-1.00000	0.00000
===
2.44082	0.00000	0.07675	0.00000
0.00000	4.33960	-0.06811	0.00000
0.00000	0.00000	-1.00000	0.00000
0.00000	0.00000	-1.00000	0.00000
===
2.44082	0.00000	0.07675	0.00000
0.00000	4.33960	-0.06811	0.00000
0.00000	0.00000	-1.00000	0.00000
0.00000	0.00000	-1.00000	0.00000
===
2.44082	0.00000	0.07675	0.00000
0.00000	4.33960	-0.06811	0.00000
0.00000	0.00000	-1.00000	0.00000
0.00000	0.00000	-1.00000	0.00000
===
2.44082	0.00000	0.07675	0.00000
0.00000	4.33960	-0.06811	0.00000
0.00000	0.00000	-1.00000	0.00000
0.00000	0.00000	-1.00000	0.00000
===
2.44082	0.00000	0.07675	0.00000
0.00000	4.33960	-0.06811	0.00000
0.00000	0.00000	-1.00000	0.00000
0.00000	0.00000	-1.00000	0.00000
===
2.44082	0.00000	0.07675	0.00000
0.00000	4.33960	-0.06811	0.00000
0.00000	0.00000	-1.00000	0.00000
0.00000	0.00000	-1.00000	0.00000
===
2.44082	0.00000	0.07675	0.00000
0.00000	4.33960	-0.06811	0.00000
0.00000	0.00000	-1.00000	0.00000
0.00000	0.00000	-1.00000	0.00000
===
LocalToWorldMatrices
===
0.99988	0.01440	-0.00529	1.64387
-0.00519	-0.00718	-0.99996	1.23372
-0.01444	0.99987	-0.00710	0.53800
0.00000	0.00000	0.00000	1.00000
===
0.99988	0.01501	-0.00354	1.67434
-0.00342	-0.00761	-0.99997	-1.21323
-0.01503	0.99986	-0.00756	2.93281
0.00000	0.00000	0.00000	1.00000
===
0.99988	0.01501	-0.00354	1.57396
-0.00342	-0.00761	-0.99997	1.26193
-0.01503	0.99986	-0.00756	-4.30790
0.00000	0.00000	0.00000	1.00000
===
0.99982	0.01845	-0.00353	-0.91018
-0.00341	-0.00638	-0.99997	-1.14239
-0.01848	0.99981	-0.00632	-6.69123
0.00000	0.00000	0.00000	1.00000
===
0.99982	0.01888	-0.00194	1.51827
-0.00184	-0.00562	-0.99998	-1.15390
-0.01889	0.99981	-0.00559	-6.72562
0.00000	0.00000	0.00000	1.00000
===
0.99969	0.02440	-0.00416	-3.27905
-0.00407	-0.00367	-0.99999	1.26378
-0.02442	0.99970	-0.00357	-4.18831
0.00000	0.00000	0.00000	1.00000
===
0.99984	0.01769	-0.00192	3.92939
-0.00181	-0.00620	-0.99998	1.26903
-0.01770	0.99982	-0.00617	-6.76791
0.00000	0.00000	0.00000	1.00000
===
0.99982	0.01873	-0.00336	1.51773
-0.00325	-0.00587	-0.99998	1.26925
-0.01875	0.99981	-0.00581	-6.72337
0.00000	0.00000	0.00000	1.00000
===
0.99988	0.01468	-0.00573	-0.73775
-0.00564	-0.00629	-0.99996	1.21888
-0.01471	0.99987	-0.00621	2.98950
0.00000	0.00000	0.00000	1.00000
===
0.99988	0.01468	-0.00573	-0.75940
-0.00564	-0.00629	-0.99996	3.65402
-0.01471	0.99987	-0.00621	0.58482
0.00000	0.00000	0.00000	1.00000
===
0.99980	0.01919	-0.00606	-3.29284
-0.00599	-0.00347	-0.99998	-1.15250
-0.01921	0.99981	-0.00336	-4.20855
0.00000	0.00000	0.00000	1.00000
===
0.99988	0.01456	-0.00540	-3.19532
-0.00528	-0.00831	-0.99995	1.25996
-0.01460	0.99986	-0.00823	0.60789
0.00000	0.00000	0.00000	1.00000
===
0.99988	0.01468	-0.00572	1.68196
-0.00563	-0.00631	-0.99996	1.20514
-0.01471	0.99987	-0.00622	2.95387
0.00000	0.00000	0.00000	1.00000
===
0.99980	0.01913	-0.00498	-3.23987
-0.00492	-0.00293	-0.99998	-1.16316
-0.01914	0.99981	-0.00283	-1.80178
0.00000	0.00000	0.00000	1.00000
===
0.99983	0.01807	-0.00227	-0.89594
-0.00214	-0.00702	-0.99997	1.28069
-0.01808	0.99981	-0.00698	-6.68022
0.00000	0.00000	0.00000	1.00000
===
0.99988	0.01440	-0.00529	-0.78866
-0.00519	-0.00718	-0.99996	-1.17363
-0.01444	0.99987	-0.00710	0.55577
0.00000	0.00000	0.00000	1.00000
===
0.99988	0.01436	-0.00539	-0.81042
-0.00527	-0.00832	-0.99995	1.26730
-0.01441	0.99986	-0.00825	-1.84691
0.00000	0.00000	0.00000	1.00000
===
0.99984	0.01760	-0.00242	3.98161
-0.00228	-0.00772	-0.99997	-1.16674
-0.01762	0.99982	-0.00767	-4.36628
0.00000	0.00000	0.00000	1.00000
===
0.99988	0.01468	-0.00572	1.66028
-0.00563	-0.00631	-0.99996	3.64032
-0.01471	0.99987	-0.00622	0.54924
0.00000	0.00000	0.00000	1.00000
===
0.99986	0.01654	-0.00197	-0.85942
-0.00184	-0.00780	-0.99997	-1.15665
-0.01656	0.99983	-0.00777	-4.28439
0.00000	0.00000	0.00000	1.00000
===
0.99988	0.01440	-0.00529	-0.77585
-0.00519	-0.00718	-0.99996	1.24628
-0.01444	0.99987	-0.00710	0.57296
0.00000	0.00000	0.00000	1.00000
===
0.99988	0.01468	-0.00573	-3.22849
-0.00564	-0.00629	-0.99996	1.26298
-0.01471	0.99987	-0.00621	-1.81429
0.00000	0.00000	0.00000	1.00000
===
0.99983	0.01811	-0.00376	-0.80425
-0.00366	-0.00578	-0.99998	-1.17437
-0.01813	0.99982	-0.00571	-1.84316
0.00000	0.00000	0.00000	1.00000
===
0.99988	0.01468	-0.00572	1.69580
-0.00563	-0.00631	-0.99996	3.62506
-0.01471	0.99987	-0.00622	2.96893
0.00000	0.00000	0.00000	1.00000
===
0.99986	0.01687	-0.00168	1.56009
-0.00155	-0.00729	-0.99997	-1.16157
-0.01688	0.99983	-0.00726	-4.33003
0.00000	0.00000	0.00000	1.00000
===
0.99988	0.01501	-0.00354	-0.84575
-0.00342	-0.00761	-0.99997	1.27021
-0.01503	0.99986	-0.00756	-4.27152
0.00000	0.00000	0.00000	1.00000
===
0.99986	0.01659	-0.00208	3.97851
-0.00196	-0.00734	-0.99997	1.25250
-0.01660	0.99984	-0.00731	-4.34986
0.00000	0.00000	0.00000	1.00000
===
0.99988	0.01501	-0.00354	1.63803
-0.00342	-0.00761	-0.99997	-1.19482
-0.01503	0.99986	-0.00756	0.51314
0.00000	0.00000	0.00000	1.00000
===
0.99988	0.01500	-0.00369	1.61018
-0.00358	-0.00757	-0.99997	1.24373
-0.01503	0.99986	-0.00752	-1.88820
0.00000	0.00000	0.00000	1.00000
===
0.99988	0.01501	-0.00354	1.60172
-0.00342	-0.00761	-0.99997	-1.17640
-0.01503	0.99986	-0.00756	-1.90653
0.00000	0.00000	0.00000	1.00000
